0.00 0.00 2.20 0.00 0.00 0.00 0.00 0.00 0.00 1.24 0.00
0.00 0.00 0.00 0.00 0.00 0.00 0.00 0.00 0.00 0.00 0.00
2.20 0.00 0.00 0.00 0.00 0.00 0.00 0.00 0.00 0.00 1.59
0.00 0.00 0.00 0.00 0.00 0.00 0.00 0.00 0.00 0.00 0.00
0.00 0.00 0.00 0.00 0.00 0.00 0.00 0.00 0.00 0.00 0.00
0.00 0.00 0.00 0.00 0.00 0.00 0.00 0.00 0.00 0.00 0.00
0.00 0.00 0.00 0.00 0.00 0.00 0.00 0.00 0.00 0.00 0.00
0.00 0.00 0.00 0.00 0.00 0.00 0.00 0.00 0.00 0.00 0.00
0.00 0.00 0.00 0.00 0.00 0.00 0.00 0.00 0.00 0.00 0.00
1.24 0.00 0.00 0.00 0.00 0.00 0.00 0.00 0.00 0.00 1.16
0.00 0.00 1.59 0.00 0.00 0.00 0.00 0.00 0.00 1.16 0.00

