1502984803620600000001 2.96 5.04 -56.84 -4.98
1503305764823040000001 3.96 6.04 43.23 95.09
1502984803620600000001_r12_insertion_R_2_1_5_IRC_F_prod 6.00 6.00 39.92 40.03
1502984803620600000001_r12_insertion_R_5_1_3_IRC_R_prod 7.00 7.00 39.91 40.02
1002122340540000000001_500620380000000000001 -1.71 0.60 17.72 75.34
1302784824321400000001_200200000000000000001 -0.71 1.60 11.90 69.52
1312673532570400000002_190000000000000000002 0.29 2.60 93.37 150.99
690931140000000000002_811611290340000000002 8.40 10.95 35.80 99.18
1342503882400600000001_160000000000000000003 9.40 11.48 78.16 130.02
1332333552100000000002_170170000000000000002 10.40 12.48 62.79 114.65
10000000000000000002_1492814473150000000002 11.40 13.71 83.47 141.09
