0.00 1.26 1.70 0.00 0.00 0.00 0.00 0.00 0.00 0.00 0.00
1.26 0.00 0.00 1.61 0.00 0.00 0.00 0.00 0.00 0.00 0.00
1.70 0.00 0.00 0.00 1.85 0.00 0.00 0.00 0.00 0.00 0.00
0.00 1.61 0.00 0.00 2.07 0.00 0.00 0.00 0.00 0.00 0.00
0.00 0.00 1.85 2.07 0.00 0.00 0.00 0.00 0.00 0.00 0.00
0.00 0.00 0.00 0.00 0.00 0.00 0.00 0.00 0.00 0.00 0.00
0.00 0.00 0.00 0.00 0.00 0.00 0.00 0.00 0.00 0.00 0.00
0.00 0.00 0.00 0.00 0.00 0.00 0.00 0.00 0.00 0.00 0.00
0.00 0.00 0.00 0.00 0.00 0.00 0.00 0.00 0.00 0.00 0.00
0.00 0.00 0.00 0.00 0.00 0.00 0.00 0.00 0.00 0.00 0.00
0.00 0.00 0.00 0.00 0.00 0.00 0.00 0.00 0.00 0.00 0.00

