1141903082400600000001 2.65 5.35 -87.85 -7.70
1141942881381180600001 3.65 6.35 -48.16 31.99
1142223813092830600001 4.65 7.35 69.61 149.76
1141942801461180600001 5.65 8.35 36.90 117.05
1141903082400600000001_r12_insertion_R_1_3_4_IRC_R_prod 8.00 8.00 44.18 44.35
1141903082400600000001_r12_insertion_R_4_3_1_IRC_R_prod 9.00 9.00 44.18 44.35
1141903082400600000001_r13_insertion_CO2_3_8_IRC_F_prod 10.00 10.00 -23.94 -23.77
500620380000000000001_641041150370000000001 -2.53 0.48 9.69 98.75
440560320000000000001_701061740000000000001 -1.53 1.48 -58.87 30.19
160000000000000000003_981622481180600000001 -0.53 2.48 124.39 213.45
450730450170000000002_690931140000000000002 11.52 14.53 45.17 134.23
170170000000000000002_971452351050000000002 12.52 15.53 65.69 154.75
190000000000000000002_951592011700400000002 13.52 16.53 71.96 161.02
10000000000000000002_1131732952100000000002 14.52 17.23 75.20 155.36
