0.00 2.37 0.00 0.00 0.00 0.00 0.00 0.00 0.00 0.00 0.00
2.37 0.00 0.00 0.00 0.00 0.00 0.00 0.00 0.00 1.97 0.97
0.00 0.00 0.00 0.00 0.00 0.00 0.00 0.00 0.00 0.00 0.00
0.00 0.00 0.00 0.00 0.00 0.00 0.00 0.00 0.00 0.00 0.00
0.00 0.00 0.00 0.00 0.00 0.00 0.00 0.00 0.00 0.00 0.00
0.00 0.00 0.00 0.00 0.00 0.00 0.00 0.00 0.00 0.00 0.00
0.00 0.00 0.00 0.00 0.00 0.00 0.00 0.00 0.00 0.00 0.00
0.00 0.00 0.00 0.00 0.00 0.00 0.00 0.00 0.00 0.00 0.00
0.00 0.00 0.00 0.00 0.00 0.00 0.00 0.00 0.00 0.00 0.00
0.00 1.97 0.00 0.00 0.00 0.00 0.00 0.00 0.00 0.00 2.68
0.00 0.97 0.00 0.00 0.00 0.00 0.00 0.00 0.00 2.68 0.00

