1642764945472630600001 4.40 9.60 -88.04 -7.71
1643046107386123120601 5.40 10.60 -61.71 18.62
1642804744642041580601 6.11 11.89 -56.39 32.86
1643085676164723230601 7.11 12.89 60.79 150.04
1642804443153132880001 8.11 13.89 -69.32 19.93
1642804254293321740001 9.11 14.89 12.21 101.46
1642804664602161580601 10.11 15.89 60.89 150.14
1642764945472630600001_r12_insertion_R_1_3_4_IRC_R_prod 13.99 14.01 44.47 44.65
1642764945472630600001_r12_insertion_R_4_3_1_IRC_F_prod 14.99 15.01 44.98 45.16
1642764945472630600001_r12_insertion_R_5_4_3_IRC_R_prod 15.99 16.01 44.44 44.62
1642764945472630600001_r12_insertion_R_8_3_1_IRC_R_prod 16.99 17.01 62.26 62.44
1642764945472630600001_r12_insertion_R_8_3_4_IRC_R_prod 17.99 18.01 63.72 63.90
1642764945472630600001_r12_insertion_R_10_1_3_IRC_F_prod 18.99 19.01 -8.21 -8.03
1642764945472630600001_r13_insertion_CO2_3_11_IRC_F_prod 19.99 20.01 -24.16 -23.98
1141903082400600000001_500620380000000000001 -6.37 0.00 5.31 103.49
1001482381140000000001_641041150370000000001 -5.37 1.00 26.57 124.75
761281321000200000001_881242280000000000001 -4.94 2.00 19.11 126.21
1362244183860600000001_280280000000000000001 -2.79 3.00 -43.45 45.80
1201923602880000000001_440560320000000000001 -2.37 4.00 -64.34 33.84
1482484344321580600001_160000000000000000003 -0.79 5.00 124.12 213.37
1191793072280000000002_450730450170000000002 22.00 28.37 37.69 135.87
1472314214191050000002_170170000000000000002 23.00 28.79 65.27 154.51
690931140000000000002_951592011700400000002 24.00 30.37 35.45 133.63
1452453943632430600002_190000000000000000002 25.00 30.79 64.11 153.37
1452453874401930400002_190000000000000000002 26.00 31.79 78.97 168.22
10000000000000000002_1632594815172100000002 27.00 32.79 70.25 159.50
