2003846667223680600001 4.60 9.40 -74.94 -6.56
2004328380979804780401 5.60 10.40 -13.99 54.39
2003847066703800600001 6.34 11.66 -73.71 2.27
2004167628425982700001 7.60 12.40 24.88 93.26
2003885976044371740001 8.34 13.66 54.67 130.65
2003846667223680600001_r12_insertion_R_3_2_5_IRC_R_prod 11.99 12.01 61.30 61.46
2003846667223680600001_r12_insertion_R_5_2_3_IRC_R_prod 12.99 13.01 61.30 61.46
2003846667223680600001_r12_insertion_R_9_1_2_IRC_F_prod 13.99 14.01 46.46 46.62
2003846667223680600001_r13_insertion_ROR_1_2_5_6_IRC_F_prod 14.99 15.01 31.45 31.61
2003846667223680600001_r13_insertion_ROR_3_2_5_8_IRC_F_prod 15.99 16.01 28.17 28.33
2003846667223680600001_r13_insertion_RSR_9_1_2_5_IRC_R_prod 16.99 17.01 21.03 21.19
1001482381140000000001_1002122340540000000001 -5.78 0.08 27.59 111.17
1502984803620600000001_500620380000000000001 -4.24 1.08 15.98 91.96
1502823922432230600001_500620380000000000001 -3.24 2.08 2.38 78.36
500620380000000000001_640960320000000000001_861382320600000000001 -3.84 3.08 -13.14 85.62
1803646687765942100001_200200000000000000001 -1.24 4.08 -1.37 74.61
1001482001520000000001_1002122340540000000001 -1.31 5.08 -15.69 75.49
1312673532570400000002_690931140000000000002 18.92 24.78 47.38 130.96
1813535595952630400002_190000000000000000002 19.92 25.24 85.11 161.09
1813535465033480600002_190000000000000000002 20.92 26.24 75.74 151.72
1191793072280000000002_811611290340000000002 21.92 27.78 22.28 105.86
160000000000000000003_1843365746072630600001 22.92 28.24 65.39 141.37
170170000000000000002_1833195415772100000002 23.92 29.24 49.71 125.69
10000000000000000002_1993676336753150000002 24.92 30.24 74.40 150.38
